$ANSIBLE_VAULT;1.1;AES256
36396139336464656631303964663766303962303866313036393433303861376539393035633630
3434633566343362323165303033663232383363626234610a383934393730373262613834383032
37326233383066376230623261343863323131613632326166653339326235346330376239313266
3366363935313930340a343666353265333530623033666637393934666535356238656335336338
35626662313335393331326137373565363263313130343535366439343566376137653866396339
62626365383038633932343861663334396435363932626130336162336231363961336665366664
37386635316432643565336466613430366466643362653134383234333664326663636564366538
38633836373430303961356235643462383466373234383230636236633030656131653336333730
62626134383534386230613861656564386462313531616463313337323162386234653362663432
37613034643662373061646435353761653262653732653533393639393536663965643534626635
64346334643630303631643430623536663861633931626533303534636464363938343533383264
66303339336334383039356336646338343532383263363630656233393737363537396663396361
34613966646262653565343431613263373636653830383538656538333738306465646537363066
64346630363862303532343733643932353030303139663333393534323162363262616432363435
62333031383139303764633766303431303836316565646466326165333138653537643838626361
64643665663163633761616334613561653965646137643438643936313931623836366566623866
66653561633462626535393939356232623162646131623963633833626230376131346165386161
30613032353666363734616333363234633439303166613836376233383562653735623037343835
61326431613739623539336536393864623539643333393964656536373934616632343035313261
31383935396265623264326161643661313334313031356136326537323530626139626562643566
36353533383735643765346535303130643435383935393538633931336234373734323638366366
30386162393937313230333239633938373562366138646137373964313863623832613862623930
66613764363838666238363861346664336161363661616532363135306437623531373837366463
64613163633064646466326161346337613331646637393931303863353438643532653934383631
33623761353930613561343361363364366638336563643935623065653338316636643837636537
64323739623631356339613261363366626436396131306135653863353066646633643366356364
37666662313164626337623663373534613365366134616633623464383032653063363664386461
38346563353966653931316561656534373535666564316237313037333835633936316335323566
64363732323235313764313765376430353237303730303365633562316466653930326464353538
33343065616462666434376131376437336662326665643365653235623639356264636666366661
35383936343364323532393437323238663334623339616366383332346130333266666637373061
34663934363763653963393136386264643931336564616363356463666564393338633165366631
31616537663263343637396336333637393831616235393063313836303264646532386365623039
32623839313866356434643666383461643138366264663239343962323863316234646432666135
33663039633562666161316264356631303834373632353235323761373532393734346134656437
61343330633934643263396564366435373263333735663733343065396434623631343063333961
33643331396235393739386332616232336132366461343036373737393735656335333230626534
37663662373263663933316436303739303439313164656536306566653963376230303236396163
30383762663262623035613864326562326235343632336236313137333465313838366338393761
30323838353338366233343063356666383437393766656636363062616265376430336565363562
32613463396363616338323538316536353033636636386537383362393632633362623964613966
63613663326366333666616132393536623539613766386365343232396565623838393136643264
31633861373166386237333533383337663762363965326633366437656338356162333633343834
66306332623334323839636463643666376436376139626639366430666231613161373639386538
33626162626535316232353937336364333766633065616335323666363264336534383033343230
33636134663433653762393630613632346262353066663739396631353264313061663738303833
34616564663632353861323831353066353239373934666639386162386665343938396565323838
33643635653538353032306639323564373834643130373033366434613038393365633532643062
33646138626664353462396666613766663035326463663566343531633630343431656439383534
3731323232326661343138376135303838626638396139316335
