$ANSIBLE_VAULT;1.1;AES256
39626433396238383734323962393765396264616133613337306461316664613264633765363231
6139353433356630396436343238666261613031626261630a613730636339313562643335613436
65646333643564373136336337393339383935333032373430613263376661393134353539623864
3836613132316366380a303935623436626362306565666435376632363135346436613437393164
34303232346137646139323635303939316532346437366132306466343762653539646263646665
30323839343962363733316539623238636632633630663464366637396263646264663764616437
38623935373238666465663037306362636365393637616137323664303565663866376539373139
37323832653861383261306466393837303739333237616130643430353862373764353861363766
34396137663165386539343262613662643665313431313833373364656435623766303939663963
37353438396466303739363239333932356133656561663437646665313838343032373331333531
34343639363862373738616361383066316265346335343164646332333739636266633634663361
32323935303162343862303737636166636539613030356137373038336530643336323636666336
63356565356164373138633034353331323163333637306435666535653064613635383838373164
64616363653564616137333032393866366562653065373635643639323630623632353634643665
63393465373530373634626631363639623333663937313234383439383065336461616461353737
62623566616233396266313433623266343238373638653739383331373037313065373261356432
62623263363433643362383437616634353837353561623964323635363064633362303439626164
62626230646638373362303739646237363364316530306266313236366632323066623837653336
61376537386132613366633464633665366631353937386338383365393666376562326330306232
64666130333039323135343432386337313562643630316135623430636262333264336363303638
6366
