$ANSIBLE_VAULT;1.1;AES256
64353433656236616436316364363333303065356338313038663637363134316136623930646538
3064646138633439303665353961623136383439363534380a376638313766306633656166313166
34653534626134333533643961326364366666643666386466653637326664636234646164633830
6433396561613630380a623261323165333530623236356561346331396565326231363738666162
32626533643764613530303039353930386134666130346337356436396138313135623832653131
62323365653037383763643239346461343461363462393333353566313636663538633465326535
39333630633637656232343730376336613139316135663637356534323065393732306466313461
63333536633033373036363232633130333035353966363532666164656464303261353730653664
62373764343666613765343438373235373838386334646231643465303063306131366563366664
62646634373836383163323439643638623163636665343961616262643233626536623933666363
33333463356635643230346666663261663038666365623636616161666334396633663362613736
62313461343562653432623333386139653631626565336234366362663938623563363234393739
35656665663138646635353361393239616531373039376263383065633330633763343738323161
37303932386163383033643536313062376431313032346366303663666630383132383330353738
62316637373535646534636532636130383466643034393138346162633062373735643330366637
37333362623632646231663633313233306631326636323033313365623131636231306266333133
39336461616532643865383463323738373336353139653065663739343138333030373865343832
39376562333939326566396564343738363466373830306233623164323663376639643663636639
37303430633738333238373963346266313236383865373334633163386136393265616338653061
36643732363538313136626332383234346466363230323933393165323233396361396336613062
3464
