$ANSIBLE_VAULT;1.1;AES256
35613137376138313565613334326161363563316332613930316264633837333764313332623264
6339393931306138643334323635383531336462633561320a336136613238306565616232353164
33386439346363613866383235336165323432613433363233663864326439636561333833373937
3730653435303838350a623764363030383165316662663763396533353733633237356132373033
63623036373534346165613866636163323332373036343864323432366337356162373162383865
64393436336162626439616434323036366431346234656637613639356365346562616230626438
37353365366266393564323636383362343035613763346166313537336266653663646563393864
63636238313130666262393635326634396533636230306361313735393035303339613134646639
31333665386338333061376133623236346663396134326332373062663361326537353339376239
63623731353366306562616137313566303436306431306434323265313830636631386132396539
33393539373736656239323366663936373061636638636237643634303731653933386166656564
66343632326361323365643765383139333736383838656439323263393430636234333732313538
65333734656334343838356666363837306361643666656238393839616536343133363236613365
64623162623462333630636337626464663965316334643332363233643231613261373136353531
36623334313235316537323435386461376363383235623239663437356634343331336366646636
61313866623461376230616230333838316534346666386539396534363165303730343238316134
36303839363066323437326534333761656663666432333233613138386361663236393538373362
64376339343339643139616630633833633239336530373163373531666162633433626538323038
34353937393136633638626165313830393732393238363632306632313764383836376231643436
63326461626362383533333337313765353038613865356433333433646635616464313662663063
32626134326335313461626236303632633637636261373831366539643035393334646363656161
62643231373261306231623239326435386162643736366535313439306462653433323465613339
66626231326137326661653936633165613765386432393133666332616239396565303038366431
39666661626464666130613564653461626362643132616230633834656165653534633166306666
38646130636262303330633336653330313963383264333930626561383730633236343439376233
34653432313733363465356463376436633462646266323465373339313238356336613665376261
39633762636465653761643139623839393562653363343031353232633964663130366264356361
35373565393630643464616662653765613233376134663234326136363863356138613533613037
33653339613862633930613964386339623239346162656365393633653232303934373239623366
38326462363466303830396633373938333832363966633865663235646166616239326462323038
38316263626365356261653433333364333035366161313832373865343861626337366333333637
36383433663236653434316439333665303566646135613164383432323138636132666263663639
39343638373464376137373563353939646632313637363735346430343565353637613031336132
61643962633766393539366339336638633363343565623531623162366233656266643964336463
38636338346165356337663933316265333832653831333765323932633432373136643837653462
31363434626136636664373637666335333237306537313732386163326331623261356162356564
33306238373538663034386438653630666434303534633637613833613361343763303564306639
39613635346535336137663531663535373338383135663839663930343062643366373833656265
38636637636465343435613336363962356361623238333931306238356533383665326136613634
36666430353537313136346337636637333039643365333530336465633433326334316363333633
61613138303761323562336137353937623666333636313837333533316564313836323031653737
65623537393263643734326666356538373564343561313637653662313732653639613239633262
61353663396139393539373136316433396564323962666433396535353035393430663864376432
34636439373234616661303732633736663065633333316664313234623361663563666430626665
31663466363632633463633932653338616133346230366537666664386231653862323236663931
62646434346635303338336666386433656566396437313063383663333461303533623630646662
61653861633864346166303934653130623961386632363636326637313038363264666432663463
61393632383466393431353238333438353661316139626461356337633966326438356637323733
39376432333139346133623165343232366530643037613139343864313337366239356366343231
64646232363065356239626330363230663961643736353236316434323438316666363665366166
39336134613437383231343765373939386365623262623333383061376634346465616631363461
31323531623134653065303637383336626339353066323532383939386439376438313864316562
34306230306232626636383530323266643438643137373031616538363362353534393431613132
36383834653539366134313165656430303035323466346338336664383364306561356436366537
62366535333465636463393463316434373430386638616661623763313162643237353164366337
31393664343830363038313936393434643864633630333139396164656137333861653534366433
65373965353665346664373636373937346233386333383061666264663334636562646363663231
33653234316131326331366236623537646236376538383534663339343737666461636136653732
66346163653361383530356630323031393963383236373434316137653761323364373537363166
65363464623538383532316431336464306362323234343138613330623166333135636230643361
64383438333331346534373432313939303166656138346165616635393038363332333434336137
30373034623937363062363266353933353962623566363866336365303262373734636365313934
30393231303733306265363334653164653135626631336636656663663735643666353931613433
31353330386132666163376366313466653530356232623731366432373338633563376239376163
32393634326439383038363866303263316531316462363163643934643662363534
